!-ReaxFF-Parameter-From-Machine-Learning-Computational-Materials-Science-172-(2020)-109393
39         ! Number of general parameters 
   50.0000      ! boc1 
    9.4500      ! boc2 
   -2.4967      ! coa2 
    3.0000      ! trip4 
    6.5000      ! trip3 
    0.0000      ! kc2 
    4.0392      ! ovun6 
    9.0000      ! trip2 
    0.8091      ! ovun7 
   -1.3281      ! ovun8 
    0.0000      ! trip1 
    0.0000      ! swa 
   10.0000      ! swb 
    0.0000      ! n.u. 
    1.5199      ! val6 
   20.3499      ! lp1 
    0.7656      ! val9 
    5.6105      ! val10 
    0.0000      ! n.u. 
    0.6431      ! pen2 
    0.9068      ! pen3 
    1.0216      ! pen4 
    0.0000      ! n.u. 
    0.6725      ! tor2 
    4.1923      ! tor3 
    1.0000      ! tor4 
    0.0000      ! n.u. 
    0.0000      ! cot2 
    0.7558      ! vdw1 
    0.0100      ! cutoff 
    0.0000      ! coa4 
    0.0000      ! ovun4 
    5.9999      ! ovun3 
    1.7959      ! val8 
    0.0010      ! acut 
    0.0001      ! hbtol 
    0.0000      ! n.u. 
    0.0000      ! n.u. 
   -0.1864      ! coa3 
4 ! Nr of atoms; atomID;rosi; val; mass; rvdw; Devdw; gamma; ropi; vale; 
            alfa; gammaw; valang; ovun5; n.u.; chi; mu; hbond; 
            ropp; lp2; n.u.; boc4; boc3; boc5; n.u.; n.u.; 
            ovun2; val3; n.u.; valboc; val5; n.u.; n.u.; atomic; 
C    1.4568   4.1350  12.0000   2.1300   0.1705   0.9872   1.0484   3.9270
     6.6409   4.1728   2.0052   0.0000   0.0000   5.7254   6.9235   2.0000
     1.4581   0.0000   0.0000   8.9368   0.4621   1.1592   0.0000   0.0000
    -0.5357  10.0000   0.0000   2.0052   1.5000   0.0000   0.0000 148.1086
H    0.5244   1.0757   1.0080   1.8600   0.0634   0.9942   0.6050   1.0700
     8.7442  12.2832   0.9982   0.0000   0.0000   3.8446  10.0839   1.0000
     0.5427   0.0000   0.0000   3.8461   3.2540   1.0000   0.0000   0.0000
     0.0000  10.0000   0.0000   0.9982   1.5000   0.0000   0.0000  27.7167
N    1.2450   3.1023  14.0000   2.1280   0.1922   0.7389   0.8897   6.2115
    10.4762   5.2261   2.7893   0.0000   0.0000   6.7424   6.2435   2.0000
     1.0051   0.0000   0.0000   1.7889   3.0032   2.7652   0.0000   0.0000
    -0.0000  10.0000   0.0000   2.7893   1.5000   0.0000   0.0000 261.0462
O    1.3761   2.0294  15.9990   2.1300   0.3438   0.7067   1.2268   3.9781
     7.4716   6.3446   1.3704   0.0000   0.0000   8.5000   7.1412   2.0000
     1.3258   0.0000   0.0000   9.2294   1.6620   0.1882   0.0000   0.0000
    -0.0000  10.0000   0.0000   1.3704   0.5000   0.0000   0.0000 406.6820
 10  ! Nr of bonds;Desi; Depi; Depp; be1; bo5; corr13; bo6; ovun1; 
                   be2; bo3; bo4; n.u.; bo1; bo2; ovcorr; n.u.; 
  1  1 600.9625 120.0000  64.1116   0.0107  -0.0330   2.0000   9.8958   0.0000
         0.2896  -0.1767   4.3319   0.0000  -0.0300   9.8285   0.0000   0.0000
  1  2 401.9499  60.0000  60.0000  -0.4525  -0.0434   2.0000   8.3306   0.0000
         0.9000  -0.0871   9.8934   0.0000  -0.0928   9.9000   0.0000   0.0000
  1  3 482.1313 158.5881  70.9892   0.0060  -0.0400   2.0000   8.4238   0.0000
         0.1000  -0.0455   9.9000   0.0000  -0.1786   4.4434   0.0000   0.0000
  1  4 100.0000 114.1224  81.3938  -0.5005  -0.0227   2.0000   9.8987   0.0000
         0.9000  -0.1091   9.9000   0.0000  -0.2562   4.4155   0.0000   0.0000
  2  2 371.6261  60.0000  60.0000  -0.3591  -0.2667   2.0000   9.9000   0.0000
         0.9000  -0.2504   9.9000   0.0000  -0.3000   6.2957   0.0000   0.0000
  2  3 437.5224  60.0000  60.0000  -0.3923  -0.0598   2.0000   9.9000   0.0000
         0.9000  -0.2322   9.9000   0.0000  -0.2749   6.2013   0.0000   0.0000
  2  4 234.0874   0.0000   0.0000  -0.5428  -0.2726   2.0000   8.8735   0.0000
         0.9000  -0.2528   4.0004   0.0000  -0.2390   6.1203   0.0000   0.0000
  3  3 723.8883  77.2208 150.0000   0.1363  -0.1613   2.0000   6.1126   0.0000
         0.1000  -0.0967   9.9000   0.0000  -0.2030   4.6417   0.0000   0.0000
  4  3 666.3227 182.8827  40.0000   0.5261  -0.2776   2.0000   4.0000   0.0000
         0.8345  -0.0380   9.3661   0.0000  -0.2253   4.2739   0.0000   0.0000
  4  4 166.2673 158.1100  40.0000   0.1389  -0.0495   2.0000   9.9000   0.0000
         0.8169  -0.0957   8.3311   0.0000  -0.0816   7.0340   0.0000   0.0000
  6  ! off-diagonal terms;Devdw; rvdw; alfa; rosi; ropi; ropp; 
  1  2   0.0594   2.0172  10.7580   1.2569   1.2485   1.0511
  1  3   0.0096   1.8600  14.8777   1.1116   1.4371   1.4154
  1  4   0.0596   2.0487  16.1717   1.1107   1.3018   0.9668
  2  3   0.3495   2.0269   6.1356   0.8969   1.0640   0.9153
  2  4   0.1638   2.0119   7.3877   0.7764   0.7027   0.5481
  4  3   0.0451   1.9670  12.8723   1.1500   1.2664   0.8057
 25  ! Nr of angles;theta0; val1; val2; coa1; val7; pen1; val4; 
  1  1  1  70.7183  38.9074   1.9618  -0.0000  10.0000  -0.0000   0.5967
  1  1  2  70.7542  22.2420   1.1624  -0.0000   0.0000  -0.0000   0.4477
  1  1  3  70.9107  60.0000   0.7493  -0.0000   3.2086   0.0000   0.3029
  1  1  4  70.9947  10.0000   0.0500  -0.0000  10.0000  -0.0000   0.6980
  1  3  1  71.9071  59.9825   0.3566  -0.0000  10.0000  -0.0000   0.0278
  1  3  2  71.9761  20.8627   1.9800  -0.0000  10.0000  -0.0000   0.6980
  1  3  3  72.0533  29.6515   1.9778   0.0000   2.1344  -0.0000   0.5269
  1  3  4  61.7164  10.0000   0.0500  -0.0000   0.0000  -0.0000   0.6980
  1  4  1  72.0000  60.0000   1.9800   0.0000  10.0000  -0.0000   0.6806
  1  4  2  71.9236  20.2105   1.8192   0.0000   6.2946  -0.0000   0.1271
  1  4  3  71.7033  10.0000   0.0500   0.0000  10.0000  -0.0000   0.6980
  2  1  2  70.7217  59.9984   0.4622  -0.0000  10.0000   0.0000   0.6980
  2  1  3  70.7685  22.3409   1.9800  -0.0000  10.0000  -0.0000   0.6980
  2  1  4  70.9164  10.0000   0.0500   0.0000  10.0000   0.0000   0.6980
  2  3  2  71.0450  29.0230   0.8925   0.0000  10.0000   0.0000   0.0100
  2  3  3  70.7401  60.0000   1.9800  -0.0000   0.0000   0.0000   0.2487
  2  3  4  61.9032  60.0000   0.9575  -0.0000   0.0000   0.0000   0.5903
  2  4  2  72.0458  60.0000   0.3447  -0.0000  10.0000   0.0000   0.0100
  2  4  3  71.8103  13.1742   1.9800   0.0000  10.0000  -0.0000   0.0100
  2  4  4  71.7344  10.0000   0.0500  -0.0000  10.0000  -0.0000   0.6980
  3  1  3  78.0059  60.0000   0.4490  -0.0000   0.0000  -0.0000   0.6980
  4  1  3  70.9410  35.8211   0.0500  -0.0000  10.0000  -0.0000   0.5464
  4  1  4   0.0000  41.9173   1.4586   0.0000   4.8953  -0.0000   0.1037
  4  3  3  61.7334  18.2820   1.9800   0.0000   0.0000   0.0000   0.6980
  4  3  4  61.2195  25.0247   1.9800   0.0000  10.0000  -0.0000   0.6980
 12  ! Nr of torsions;V1; V2; V3; tor1; cot1; n.u.; n.u.; 
  1  1  1  1  -1.9126  48.0000   9.5497  -0.0540   0.0000   0.0000   0.0000
  1  1  1  2  24.0000  47.7674   1.4077  -0.0756   0.0000   0.0000   0.0000
  1  1  1  3  24.0000  48.0000   7.4851  -0.4749   0.0000   0.0000   0.0000
  1  1  3  3 -10.0000   8.5031  10.0000  -0.0540   0.0000   0.0000   0.0000
  1  1  3  4 -10.0000  48.0000   0.0000  -0.6787   0.0000   0.0000   0.0000
  1  3  3  4  22.2448  48.0000   1.6678  -0.0540   0.0000   0.0000   0.0000
  2  1  1  2 -10.0000  48.0000   0.7102  -1.7251   0.0000   0.0000   0.0000
  2  3  1  3  -1.1134  48.0000   2.1199  -0.0540   0.0000   0.0000   0.0000
  3  1  1  3  -0.1034  48.0000   0.0000  -0.6040   0.0000   0.0000   0.0000
  3  1  3  2  -1.1041  47.7883   1.1601  -5.0000   0.0000   0.0000   0.0000
  3  1  3  3  24.0000   0.0000  10.0000  -5.0000   0.0000   0.0000   0.0000
  3  1  3  4  24.0000  10.1804   0.0000  -0.0540   0.0000   0.0000   0.0000
  7  ! Nr of Hbonds;rohb; Dehb; hb1; hb2; 
  1  2  1   2.3920  -0.6038   3.0500  19.1628
  1  2  3   1.8770   0.0000   3.6394  18.8610
  1  2  4   2.0581  -1.1510   2.7200  19.6400
  3  2  4   1.8770  -3.9980   2.7200  18.7000
  4  2  1   2.3136  -1.9490   2.7200  19.6063
  4  2  3   2.3920  -3.9980   2.9666  18.7000
  4  2  4   2.3920  -0.3106   3.2739  19.5522
4   !fnn_wi 9 3
 C    -2.5947867940332818  -0.0887175737328037   2.0143606279434483   0.6660192309252724  -0.4558590682832263  -0.6814525730026667  -0.9907040204684440   0.4110725819234167  -1.7486903026455380  
       0.4564876815624475  -1.4424939268342611  -0.4703167868910705   0.5144652753512059  -0.9384405481271159 -12.7077182245994393  -0.9276995090913907  -1.9360618365339273   3.3414755952685486  
       1.0063714436567763   0.5871984668900913  -0.2195815883053025  -1.6738132618145660  -0.6046990429932151  -0.5823012064976281   1.2110180339310408   1.7042780520366572   0.7820995811934697  
 H     1.5388093448044116  -3.7914446953476850  11.8306606339600719   0.6662909202311028   1.1326920154176239  -2.2189197892514585   6.1980468997764131  11.8565550083088986  -1.9054179061834216  
      -0.7561349803716116   2.8203378600691984   2.3127404729671057   0.7082216685995052  -0.2603166930604547  -2.5401233885498713  -0.6351815392107488   1.0435313951222391   0.5563228129493716  
      -0.3760789542866774  -0.5632906395768033  -1.2957902690124903   0.3940328160953896   0.2861101371835298   0.2330273556827277   0.9424912226952222   0.6529275751081193   0.9766800956196376  
 N     1.3496195621218658  -0.2351380345494394   1.3318119805144626   1.2948434561722784   0.0015358622634578   2.1290724205664038   0.5595030364794118  -1.1308136675059326  -0.6144757667872535  
       0.3529107565073659  -3.0792565395098195  -1.1689556461813191   0.6386483894770435  -1.9735113480211171  -4.6284708991814316  -1.4977216565309095   2.8646413006289562  -6.4185622064563628  
      -1.3672156395131654   1.6429237527878078   0.3028188450136929  -0.1461351800705145  12.7237784932202551  -1.9868277848216136   1.4345193774110041  -0.1865079234489599   5.7720579364954974  
 O     0.1472226001729416  -5.6601119210538675  -1.6862065653909144 -11.6499306658167168  -0.0567588221650953  -0.9777362392954178  -1.8987945110307953   6.8777032956776170   4.5491079122445051  
      -1.1403125919724735   9.2002156311369383  -1.0743033323456743   1.1552417274925133  -2.3195962856464067  -0.3694323935792491  -1.8457592393558433   3.5948644849081997   0.1369642939685508  
      -3.4433950344625064  -1.8415051540045790   1.0312770889315772  -0.4247949949638635   0.3336548388812844   1.5825219435454803  -0.3267511672007477   1.8649254969027869  -2.8170927388309219  
4  !fnn_bi 9
 C     1.6634410720111528   1.0800291618763349 -10.5818770948598200   8.0443864594958931   5.7865954366817576   7.9578938343706502   2.4560537381948255  -1.1693545027622798   2.3375118263443397  
 H     4.8915009339607085  -4.5884560322037107   5.7643092861387037  -4.8780830020302135  -0.5324929985383799   6.1611167151768376  -6.5456273155823936  -4.8893450174354367   5.3138825316457092  
 N    -0.6889341312648928  -3.7306444149762279  -5.4660793231348777  -6.5429155008126267  -0.6261623327605582  -2.7669669194611730  -5.7511894356921847  -2.2058076560201063  -3.6256704966197493  
 O     8.5589350672345326  11.8510223396650431   0.8071214792385858  -1.0269071188776724   2.5947751913139516  -4.1379588391104205   6.1768229054375272  -9.9531111204217346  -4.5213451054121263  
4  !fnn_wh 9 9
 C    -0.0119645000777235  12.4328474415070112   9.2491573866036561   0.7782307630961071  -3.1993914166042452   9.5042466405218775   8.0330835717851343  -1.5786929279848383   4.5729775758398619  
      -4.2316043360090321   0.4414256061157898 -17.0789540063572254   2.8924511154875390  -0.0412628086047137  -1.4197689429111999   6.6697205827574946  -3.5186256670773619   0.0854786794196031  
       5.9984704272828333  -0.2842592863703041   4.4299307292901222  -3.3250178078518098  -2.5468963918469822   0.5749005650543133  -5.3288525318645501  -2.7868722390433613  -0.0373566742931319  
       2.7331477814987344  -3.0391629738471435   8.0948386570972772   0.4188369148368193   0.7152771131388377   2.5321758338931022  -0.9969536041248380   4.2480948882499785  -2.2354165617248332  
       2.2192214825357546  -4.4088231857303661  -1.7928608005603626   4.9371697146639866   1.0316904247528813  -4.9761770797014693  -5.4581321603404369  -0.4529916038145883   3.3140537186310266  
      -2.6666005043802570  11.8774088409807046  -4.0623704649538768   2.8648165989473426   5.5509475800197032  -7.5739392070742069   1.1104237927456921   6.0843231096629058  -1.1473829631922183  
     -15.6840656939207221   2.3036540047480885   4.6321151777606717   6.0864255459080301   4.0887204278764697  -4.8868071379844409   1.6285911305715788  -2.6543912675818082  -3.9622664366160953  
      -4.1437605068644077   1.8366221048956297   0.9684779067341276  -0.8965834301112463  -3.5694504435462933   4.7972601695638764   1.2754564115393285  -1.2402103808548808   2.1821875766267040  
      -6.1708652520286309  -0.8481762920138410   2.4495519725348038  -7.7508725820848010   1.9989924642392616  -6.1933791574311066  -2.2712504504447089   3.2558575396187437   2.2762847581227321  
 -4.2337991674475219  -3.4444108055438689  -3.3446813955466750  -3.4872838161434245   0.2219598376654274  -0.8458818933744618  -2.1700364793730400   5.4509199288262637  10.6582661149347953  
      -3.9082226768676422   6.8984654207221556  -2.0328182863486060  -4.5364411215639402  -0.8204795339566334   6.2208884394510413  -0.8602367782885681   3.7880696962158331  -0.9761645876385060  
      -2.7420755879369749   1.1913444530313009   7.8462117913330447  -5.2648759304462951  13.8047325601068280  -1.0669545458923113   0.5782822047629116   2.0268895356220011   5.9081303253027961  
      -2.6788996798270617  -5.7135521445156670  -8.8454374065765009  12.8683130979037301  13.1672512255595073   1.2412471590286831   0.2939727324171622 -13.4793761496644127  10.9355031934070137  
      -0.9667756023741598  -1.8034995261654925   6.7778511583034149   0.9696845022404096  13.1691599256135419  -3.1708550655796683   0.2828518194747312  -7.7010543441748007  -0.8087470616453767  
      -1.7577726067050155   5.3154711404665980  -1.8611659875522604   3.0573207053921441  -6.4106085458958164  -2.6838369127109774  -1.3340019956011291   0.7471180607395463  -3.9624118835297488  
       2.4321926930498314  -4.3365509319745366   0.3878680153765009  -0.2823119722254575  -8.3455253672523391   0.4716237347861289   0.1450887377292952   2.6466843853115112   0.2183131784390027  
       2.8048075827524959   4.9350146282515821   6.7305731786174681   0.0591948662249732   4.4954063443719061   4.3695468532166446   2.3460140578161353  -0.2685476304135756  -8.6506834053197093  
       2.7461481678396180   3.0970763569514439  -0.6228822268798380  -3.8217897073685738  10.3933058422602613  -0.0618925555477900   0.3498790350518046   0.6678914888050103   4.2884717115109456  
 H    -6.3165093732978006   2.8908784740553131   1.3811078850354142  -2.4440519944258141   1.6192330911111261   0.4819375852236294   1.7602628997526466   1.7837014491583294   2.8718808660256099  
       6.7817028993739727  -0.9953243889204340  -1.2781866012825334   2.0580569639158490  -0.5437876967696553  -1.6289204106598605  -0.4582977477467930  -1.1998463091868883  -3.0485860469618058  
      -0.6096436124461085  -4.5681701996507842  -1.0816934899497390   0.4788586492002695   1.2644987607433262  -2.5734886675177120   0.4690185204400099  -0.3177903042346129   0.2465982370310398  
       2.3404429253494503  -4.0305227656334690   2.0195875381411690  -0.6232419385702240  -2.5184867089901393  -1.7629370259599815   1.3230262983102674   0.2541827365186880   0.6846385907943654  
       2.5589439218707093   0.4204602241736093   0.6431162567233846  -3.5708425731008822  -2.7403459215294022  -2.1557941223996058  -0.0695442146566754  -0.2565710546913200  -2.4814347915499195  
      -4.1159446284288999   4.0727187833298268   0.7114096538609720  -0.0026589899081834   2.3034904592944083   0.8732912547537613  -0.4257481738871194   1.0600275139330815  -1.5296505531330253  
       1.5110381318683208  -5.4307766795479342   0.8733704426789910   0.8536545832277489   0.5530786564080526   0.4038215686194259   1.0313219262531623  -1.1681119361217220   2.6431788125229976  
       0.0325954760268727  -1.8109066141054446  -0.7090809977037008  -1.3551033994244326   0.6013034789542563   2.7101730388970537  -0.4746888350396995  -3.5717854394151751  -3.3283995937802588  
      -1.5416627409743664   0.1340477228330153  -1.2640514524880435   1.4420225864232190  -0.3361580876961230   0.9436608357164240  -0.1012643629019699  -1.6482552979590785   1.7667687445145739  
 -3.2440513375442821   1.5070235355499786  -1.9764342414104146  -4.0001733157245658   2.8943578326242929   1.2542146160426513  -1.4682823902731672  -1.2054952656881557   0.9033293723335657  
       2.3400313183227590   0.5200614971708684  -3.6821897065367448   4.0181403413104206  -1.4554905830553582  -1.2196021082115569   0.7545060766361197   1.1886400233730823  -4.3835129341850108  
      -0.3766243919217951   0.6814696978124871   3.7520724259331533  -1.7693266331121107   1.2920914689405330  -6.2197823333050284   1.9495689221938206  -0.2725499762804623   1.4792260834989579  
       0.3067609439893429   0.8759046638058468  -1.4845565377842642   0.0372968607093356  -3.9846215648470569   1.2328966928370246  -0.5679205795295892  -0.9432913393157982   3.3063871133719345  
       2.2175908090570737  -0.5622506184613021   0.7796591403946211   0.2322045463246777  -0.3420696511697276  -1.4392531839306197   1.1079299942330545   0.3603721683198937  -4.5571553981594990  
       3.4793352033955034   1.2044117045138492  -3.1377060610635343   1.8651637879511542   1.5791189338647775   2.9620775163634803   0.1522906301390859   1.2237717954945753   0.4821802272095286  
       0.1000298100177437  -1.8845923769774604   0.1967501965313833   0.7887250188287575   0.8139761709442854  -0.4820633935188099  -0.8508492688454019  -0.6136803511254090   0.5589434065326371  
      -1.5014980354305225   2.1596530075202174   0.3264861009913294   3.9550291494455738  -0.7337445711449960  -2.7560514559283265   0.5338967216262759  -1.3570066244880599  -0.2341540208691176  
       2.3338850037298893  -4.9415459868892748  -0.3378985025945183  -4.2877118360039166   1.1882203703341874  -4.4141036545839940   1.4629921476698140  -1.0547626361033680  -0.6220053003333690  
 N    -1.4655628972602452   0.9975538184578840  -1.9698017629498954  -2.6298402931215028  -3.7733297045802345   5.9022268096647332  -2.2130941646723126  -6.4735181270962636  -1.7196803668189131  
       7.4400248996344294  -3.0963513898925661   0.0247085150019081  -3.8540525992187051   2.6818388003596456   0.6562513073858378   7.1445047856956014   3.2512805076302764  10.7271629876491339  
      -5.4371037441800407  -1.6052267275927505  -1.3570244530152675  -1.5619933319344035  -2.4033757732466561  -3.0549774927457478 -10.3621639822471359  -1.8705551763559729  -5.2508508470515363  
      -2.4908305124673076   4.4033186877290547  -4.2160923837686024  -0.5914171348911917   1.8012492687989980 -11.4329190104033831   3.2693445901099265   1.2002866335430402   2.1993061125261102  
      -6.2907137597588081   1.7037063347149559   1.4362344506837552  -2.1725830345917765  -1.8159757214457222   0.8360903473196384  -4.6593537108390306  -2.6639373824371728   5.6157839728527170  
       8.8411054044790767   4.6547247902996984   5.8933055593352490   5.2631063332928090   8.5250170555426514  -6.1854204010116121   6.5610352506676506  -8.7396501676331901  -4.1332243507248103  
       4.3298941909358142   1.1646990395745660  -2.9546017509379281  -2.5770813505850376   1.6488098154487605  -3.2366623530034051   0.6874751262581095   1.4899804214998253  -0.8971262842571921  
       3.9386381355655504   6.0165782149529825   0.0344066283562921  -0.5744156226318424   2.7017304085383627   1.9378288097776875   4.8834954308908030  -4.0714014434628121  -4.3301921882387404  
      -3.0467540819339622  -5.0109675259073523   0.1477703443268036  -1.5486553227976823  -1.0860279592344977  -2.0283395236851183  -1.8246526735278024   1.1647958202044868   1.7828342321921768  
  5.0843692970360088  -1.9050215230497163  -9.0502078419541618   3.9779479647792835  -7.0794964344427260   5.9851386256305625   1.8623163557527991  -1.2417840310289137  -9.1970132977243644  
       4.6518795705870648   4.6795079156056767   3.5687316416034927  -7.4117908049605630  -1.5744022258076094  -2.7758045460640139   4.0298058519824123  -2.6788504250357819   0.4195369428349295  
      -0.2390815003119201   0.4726765007330187  -2.9359613300528458  -3.7432977045911420   0.6128622529686307   4.1273298542735413  -3.1126521784343528   1.6412245136765249  -2.1539737799382670  
      -0.1391525756352437  -1.0291622455511757  -2.3357923315512337   4.7417959329980857   3.3696977767000655   3.8502628918783630   6.4665514974464964   1.9677628870592114   5.5303281516007994  
       2.4013763414165399   6.0580866897829395   0.8625252338944902   7.0701906656272770  -5.4961643878923461  -1.5601901695982718  -2.3473349350870487   1.1992848532645364  -0.3220839506412209  
      -2.2706985763868541  -0.6633401879930712   0.1248112071501946   1.9390861943298621  -6.5188439320397924  -5.9145678572475013  -1.7637993436849280   3.3653859077338999   0.2473797695176754  
      -5.3298152548424511  -3.6927562547574886  -1.3649094604795031   0.7737089019800696   3.5026722356404556   2.2396350675707231  -4.8250995995205059  -0.4215039635661352  -4.0673463103312795  
     -11.8044702475395056  -2.8602847585787257   3.5732985072695449  -1.1332119540807881   9.9530660750297173   0.0587506155385632  -2.6236821352174640  -0.7917174777173391   0.4198066489976293  
      -0.7222961450004072  -1.0092700182179357  -0.4038480694985843  -1.9735937781416362   3.7046605134287782   0.6175074895273270  -3.4628946710740687   0.5756707440056451  -5.1832190900750925  
 O     9.4404599016421731  -0.8609601636381193   4.0523342688924844   0.4792006789909417  -6.6687072417323296  -3.5851981893025986  -3.8361600594092740   0.1708583319257385  -7.8797024357919563  
       1.1077926711013568   0.0535714248670443  -0.2929172697584786  -1.8079267183865138  -4.5994467935705829   4.7581780728574907   3.1196566118253646   3.1286564057977908   2.2753542306211889  
      -1.4175902059918681   2.4026973193477024  -0.2225960071445977   2.3420186824220388  -2.3025795477170528   2.3716604226880356   0.3071505111169571   0.2489380103273069  16.8849405372194639  
      -3.0000647865218242   1.7773328256984084  -2.8158808643761133  -5.0111855412967472   9.5746177659179335  13.3780974829456714   3.6704696142777835  -2.0588748429799422  -5.4310452653728634  
       1.6758592269421115  -5.0051388168651281  -4.1778765784199461  -0.0723663460403611  -2.0334923427651899  -3.5282387128912474   7.6685790533328699  -2.9406705905283381   6.1776892593653203  
      -0.3772922278961884   0.1501467336686927   0.5301880456598882  -7.9045334804687606   3.3392694792664646   2.9046676299944547  -0.7773406868189879  -1.4354439436722803   9.6116984895248798  
      -0.7027960309472001   5.3406140377962705  -0.4704977087441027   4.8852655695554326   2.0372513187243513   3.6800185697426131  -4.4523687205789440   1.9626416419306458   3.4979209221805689  
       1.9952571240107593  -4.1033329714939892   0.7207254630342617  -1.9392374190755439   1.5410063483260696  -2.7880452399677309  -2.1161726182940597  -2.8082173518660678   1.8799450546484107  
     -11.9512303276778677   8.7765008717043127   8.4987151152382712  -2.4395316233897582  -2.8607056475514447  -5.4714472688660205  10.0604762086569348   0.5210464673771197  -1.9323675881868454  
 -1.0256727666873198  -0.1540445474372323   0.7863298550065329  -2.5978421697812499  -0.5709647279654992   2.5869446842658643  -0.7974608825244998  -2.5344155792083130   2.1211692896444094  
      -1.9591592695247677  -1.8442053987404408   5.0689092971616150  -6.1180762278546412  -1.9083551058024906   0.5376570546197013  -0.6733505766623499   0.1019538325274332  -1.1006026948937686  
       0.9465476060028191  -1.9200628677455145  -1.8450538604081443   0.1172479267795967  -2.5204287362608238  -1.8584459672619358  -4.6912571558618055  -4.6115326624397444   0.0885600837106555  
       1.6674041519874536   2.0008788670514464   0.8900936492122816   6.5892246687976597   4.7739743317331911   0.0509311783864687  -4.9543283232690962   0.9936513934558124   1.5296179286251967  
      -1.9386771697054930  -0.5598593417070412   0.3754714905788501  -0.1933514425225870  -1.9360819154089062  -1.3850550926096770   1.2204664605224806  -4.3308990712974600  -2.1373406753116715  
       0.9616440509349848  -4.0915787552570286   3.1986256453453574  -2.7821177963926909   4.3628096253383113  -0.8193739909786968   4.2500398412207980   1.8705219988798825  -1.0423985089959440  
      -0.7561860005805314   4.1341896596877694  -5.0589579763999257   1.6121459518850862   1.9260114727657502  -2.7948271942879228  -4.6277280593961461   1.8182862562859943   2.4840709814179474  
      -2.1555382758265984  -1.1945695385542539  -7.1213016006720133   1.1480043884324937   1.3358767039328225  -1.9581499319711912   2.5004138897693347   4.6762129508424941   1.5661281202076089  
       0.9061958934608169   0.4740317288874792   3.9605746487455846   0.9123699091250023  -1.0562333167250721   2.9658657603179073  -1.3127215576598843   0.9743238342262448  -2.3702597598146475  
4  !fnn_bh 9
 C    -0.1325585270492502   0.7964740617038558  -1.1092166278348297  -1.5090889892318018   0.8460557112612843   0.6348122632100810   1.0649653592323702  -1.0648477538967180  -1.4617640857840488  
        0.5926861557782146   0.2641126483515419  -0.8789782368401639   1.5192976614577574  -0.5292918428613982  -0.6699621266776744  -1.2600093158448800   1.8467950266655837   2.1880814433250566  
 H     0.3368085462463991  -1.4590176375100381  -0.8292586391524123   0.6824602006842010   0.7572084193282494   0.5353214561456285   0.2322388112245812   2.3220622600180683   0.2628819750018259  
       -0.0086409815244818   0.3034235390902283  -0.8056211840565148  -1.1863186267316030   0.3274192493916628   1.5616675175764305  -0.0467985612963903   0.9613212725476190   1.5770156389074446  
 N    -1.0878667423101520  -3.0205142786875738   2.1324405816473688   4.9303105081992822  -0.3881510208363341   1.2341753392357144   2.4690068970412384  -0.7268507902834038   0.4060475343554922  
       -1.8494798907864216   0.8102018938635392  -0.2061995244171524  -1.0423636364275304   2.5965150524654383  -1.5620507903520187   2.4638367953866904  -0.3469265805136879  -0.0511920967935289  
 O    -0.1312451319684542  -1.5643735911822350   0.4525285097185845   3.1840109407076986   2.1526430680387723  -1.1761848991268427  -1.9717179157308591  -0.3098334958116190   1.4394098614510751  
       -1.1119612058841115  -0.2614840396165052  -0.8416313251144659   0.2053412255315099  -1.3106318734159674   0.9080657692759910   1.3998776502352295   0.9731174916880483  -1.8656874977146387  
4  !fnn_wo 3 9
 C     4.8310002125951970  -3.4709679968853901  -2.5798151503301989  
      -4.3697277260463006   0.1470114712652630  -3.0011935315863716  
      -0.1125712371948981   8.5490211657982513   3.9864754132963180  
      -1.1326238046889019 -12.2844475783955644  -7.0367885916022743  
       1.9354848392888004   4.5429775328319320   2.8089984333704736  
      -1.5039296165532361  -1.7845301878241735  -3.1057839220454726  
      -2.0837689036195672   1.1394627411280387   3.8531758100543567  
       3.6475540909924238  -4.9743439287690778  -0.5869954795236506  
       3.6361015445751721  -0.3467070106626864  -1.0636446874896515  
 H     8.3400518857712100   0.9297978032993921  -1.1306976835639524  
      -2.5911991903528766   4.6601761448631942  -1.3432727966506592  
     -11.7261796591691869  -2.4141451053566674   0.0165169096842813  
      -0.0533654831548965   3.2887348179012035   2.4081881105337932  
      -0.5194488464994861  -2.4083714695016289   1.1653682496721001  
      -1.2199426165620715   1.7382910221066417   0.9513632125706510  
      -2.6139449627154145  -1.4041168177502508  -1.3695149004895932  
       2.3085392084409615  -0.7537881754998127  -2.3220218426976582  
      -0.6878824232564046   0.6036643584505633   1.3445545681899047  
 N     1.9264337958123572  -2.1759381783760698  -6.7209423971135172  
      -4.4345887108761630   3.2360493848555474   1.2538768522615495  
      -1.6828850294622231  -6.8292559275345228  -0.2029081262202549  
      -5.8276144363675622  -1.9290412125646372   0.7215381210738008  
       3.0465196327797726   0.5848984344582626   0.7527674985419278  
       1.6151952630335551  -3.8917019662593701   0.4928342992551243  
       4.8705009573646416   3.2402458636774392   2.8382164836382167  
      -1.4784442673415255   0.6497070017467158  -1.4418493975327447  
      -6.4503434658736074   6.0063862178229259   2.8735275170550687  
 O   -10.1124037261080595  -0.9750728826462129  -2.0819967160428785  
      -4.1430646184735398  -3.2211060807602205  -3.3171441430774107  
      -8.7811232243821546  -4.9540891735317256  -0.9352085994402674  
       7.0284652193351445   1.5028764410070437   0.8265288006149537  
       4.2208774173190502   1.8426081003709058   1.6114097392958266  
      11.1973956701693780   0.3891521137989333  -2.7028273145130872  
       6.2898777977753344   3.3719570547022566   1.8404422482777829  
       5.7282008321066638   6.0881029189307032   1.4827056730030008  
     -12.6214246907395520  -3.1378098599748077   2.0642604624244703  
4  !fnn_bo 3
 C    -3.5640104970185882  -0.1449313473285366   0.5536390558648103  
 H    -1.4438751636260239  -1.6114908770695360  -0.7149372648877842  
 N     0.1305578569493642   0.3997518187355472   1.2921543539707461  
 O    -4.8175510516561424  -0.7816109352458183  -0.5224346131122887  
10  !enn_wi 9 3
  1  1    3.5570898718826802  -3.1550351866298381  -0.6478107529321908  -7.4127725246745602 -16.7344439654391195  -1.7389304425842758 -18.4391158067833949   0.0699833077397578  -4.7905254157549013  
         -4.7883284736378844   3.4225094306601296  -2.7364153467413908   2.1330188604648366   2.7220715715475428   5.2882216195602840   1.0004325827050018  -1.7655561357409015   5.2543649558732621  
         -0.5615869673346634  -0.1716687663877411   2.4382708243668145   6.0532102279574893  -1.0853303633123059  -0.0469774376960780  -5.4534472847112720  -2.9304713529968449   3.1743613449019401  
  1  2   -0.9617858201301525   1.1907746771309926   4.6151019518414094  -5.0897067541132435  -1.0016429208643383  -0.4244111794020018  -1.4434116643880568  -0.5299312927808695   0.1282256785454665  
         -1.7985463808359679  -0.7208772745692092   1.4070972589127080  -8.4492408391905034   5.3161556106766943   0.8622218627334040   3.4634808495858156  -1.4464394452041196  -1.2786583894364445  
         -2.8057686375809867   3.8432887517554271  -5.1409874336497454  -1.6962303109461614  -4.1926508677078731   1.7332352275061365   2.3964092577770288  -2.5742734336035995  -1.6567886560998366  
  1  3    0.1402365851572517  -0.9742411427364800  -0.7343468873118131   0.2640924883613260   0.3768858074276970   9.7184755138815149   2.2602651133170939  -2.3022888221957585  -0.8481543425587199  
          1.5997086852148987  -1.2610540172350966   1.2521107877105666   1.3956231845305507  -1.5754915294617651   7.5102651158241818   0.1373823692468862  -3.7141218364634936  -0.3550026340850319  
          0.3114103393646547  -2.8924549199361458  -2.7882393633735978   0.2608783324389969  -1.3849878875439243 -20.2711277365745666  -4.3373640162571032  -0.8820638522615131  -1.4555359660193108  
  1  4    0.0000008348675625   0.0000008348675625   0.0000008348675625   0.0000008348675625   0.0000008348675625   0.0000008348675625   0.0000008348675625   0.0000008348675625   0.0000008348675625  
         -0.0000000000001324  -0.0000000000001324  -0.0000000000001324  -0.0000000000001324  -0.0000000000001324  -0.0000000000001324  -0.0000000000001324  -0.0000000000001324  -0.0000000000001324  
          0.0000000000000000   0.0000000000000000   0.0000000000000000   0.0000000000000000   0.0000000000000000   0.0000000000000000   0.0000000000000000   0.0000000000000000   0.0000000000000000  
  2  2   -0.0000000000000000  -0.0000000000000000  -0.0000000000000000  -0.0000000000000000  -0.0000000000000000  -0.0000000000000000  -0.0000000000000000  -0.0000000000000000  -0.0000000000000000  
         -0.0000000000000000  -0.0000000000000000  -0.0000000000000000  -0.0000000000000000  -0.0000000000000000  -0.0000000000000000  -0.0000000000000000  -0.0000000000000000  -0.0000000000000000  
         -0.0000000000000000  -0.0000000000000000  -0.0000000000000000  -0.0000000000000000  -0.0000000000000000  -0.0000000000000000  -0.0000000000000000  -0.0000000000000000  -0.0000000000000000  
  2  3   -0.0005436597759638  -0.0005436597759638  -0.0005436597759638  -0.0005436597759638  -0.0005436597759638  -0.0005436597759638  -0.0005436597759638  -0.0005436597759638  -0.0005436597759638  
         -0.0000177153954527  -0.0000177153954527  -0.0000177153954527  -0.0000177153954527  -0.0000177153954527  -0.0000177153954527  -0.0000177153954527  -0.0000177153954527  -0.0000177153954527  
         -0.0000004199919441  -0.0000004199919441  -0.0000004199919441  -0.0000004199919441  -0.0000004199919441  -0.0000004199919441  -0.0000004199919441  -0.0000004199919441  -0.0000004199919441  
  2  4    1.0876809053742831  -2.7393432377025015  -3.7170157142272631  -3.9821333781086494 -17.2302263772524320  -2.7175740534542663 -16.9966014658912457   1.7050859263870919  -2.6869896281188739  
          1.0438202857860357   6.5911929665856093  -9.7821214127839511   8.4886409151997597  -6.5990100645008702   7.7614788546491091 -22.5526837674716027  -3.9498513185554449   6.1994497149924506  
          0.0000000000000000  -0.0000000000000000   0.0000000000000000   0.0000000000000000   0.0000000000000000  -0.0000000000000000  -0.0000000000000000   0.0000000000000000  -0.0000000000000000  
  3  3   -3.5818931279983315  11.8510950650511102 -13.3170868024947335 -10.1843815506359494  30.2628010023135126  -2.1705519297935649 -47.2467751051594149  -2.9074926737356228  43.4758487312713626  
          2.3191624629168008  -5.3569042024858993   3.9386622624133736  -0.2145804343551632  -7.8062847347985871  21.1752518975346433   0.0291085733881952  -9.0467441195606213   0.0003307449470943  
         -2.3050419229563492  -6.6478084378222180   2.3012609157097184 -14.3306753663138018 -16.2223884313602440  -0.9633905740111557   7.9815447504422838   0.3456955224790303  -0.5259849242123651  
  4  3   -0.8108660428385990  -1.5269714835733601  -0.4305126657859095  -1.1237399504657364 -11.5618058834463557  -1.9125908751618921  -4.9713185682877716   2.0557076423007552  -2.2069559711413875  
          0.4482318456807612  -2.2330099382040181   0.6617139975812834  -3.2268708098280001 -19.6901311793661833   0.1442856492566085   6.4002203296988505   0.4111249957258787  -2.2535370301935385  
         -4.3070711359104088  -7.4348165471077525  -4.8751528066071224  -8.3787512622239202  -9.3355291084854759  -2.5821697871965572 -10.1720965136039272  -6.3347352290162782  -8.2076461183462488  
  4  4    5.0062616863898617  -7.2865514453790707   4.9780618819460081 -18.7287277888073369 -17.3629579572237560   7.2605837178476458  19.7143603278081798   8.8945473769728221   4.8968231123903774  
         -8.0818254594254366  23.8219775722147347  -8.1139826670723210 -11.1195092446752355  -0.1422773118539570  19.4367522000384021   8.5752174180601397  -4.7760462801402319  -8.2085851137487964  
         -2.6682173669888387  13.4354741636882036  -2.6970561782136411   4.7374164656839817  -8.1734650408511591  11.0409015866250577  18.0130383792442430   2.7363703435652083  -2.7798662463376114  
10  !enn_bi 9
  1  1    4.2060599709496085   0.4995592407520532   2.1774039958594944  -1.9118990338802127   0.8291150287653561  -2.7777316904807576   0.0628189509745963   0.3516849113783521  -6.9094577640464019  
  1  2    0.6169652102837773  -0.3334614763612933   0.8465563033940179   0.7903266962082319   0.4835190678337937   2.8718467997258279  -0.7000955668035536   0.6754258107972743   1.0841614316324164  
  1  3    0.7199313463101131   3.8430112860109165   2.1556432241741281   0.2983270950592277   3.6362844944217407   6.6194603380336012   0.4365109311485125   1.1062074921552254   0.6536194340793410  
  1  4    0.3153701695915688   0.3153701695915688   0.3153701695915688   0.3153701695915688   0.3153701695915688   0.3153701695915688   0.3153701695915688   0.3153701695915688   0.3153701695915688  
  2  2    0.3038069352159467   0.3038069352159467   0.3038069352159467   0.3038069352159467   0.3038069352159467   0.3038069352159467   0.3038069352159467   0.3038069352159467   0.3038069352159467  
  2  3    0.3240792389028886   0.3240792389028886   0.3240792389028886   0.3240792389028886   0.3240792389028886   0.3240792389028886   0.3240792389028886   0.3240792389028886   0.3240792389028886  
  2  4    2.9151792234560130   0.1368421952125550   2.0233937183737245  -0.1694600212793662  -0.0058186596488121  -0.6193313069452087   0.2306154117582963   0.3751920082535967  -0.5813945616791013  
  3  3    1.1498104770693547   0.0807744910469181   0.6016807338674657  -0.6836695196216876  -0.6421747775820960   1.9666401690281607  -0.0665829665583353   1.4997460345283611  -0.1849843373597555  
  4  3    0.1380472621825639   4.1328284612659036   0.1599259995511614   1.9251548587794460   8.8933925119354722   0.2476910297899056   4.0828496759150044  -0.2744020584361095   2.1607025178359849  
  4  4    1.2545653305831375   0.8574054715818553   1.2573530586662043   0.9239109554387697   1.0852962114746361  -1.9211330326491456  -2.9391909575405295   0.9624250684566059   1.2642321903350422  
10  !enn_wh 9 9
  1  1   -1.7935517376717880  -1.5625581677352749   1.8154499938151347   2.0379004306057573  -1.0435502868525508  -5.2191609814831628  -1.7386645179700111  -0.3216202670758385  -1.2135205359082264  
         -1.0934261046648308  -0.7775012582199901  -0.4031322852247816  -1.1930558234957120  -1.7681706628582821  -8.0296131446022656  -0.9018993080581161  -1.4964382864326058  -1.8997712349894482  
         -0.0974320657342907  -2.5158046082824996   1.7995714769377180   3.9845225406709281   0.8504686379820062   1.0697757033210884  -0.3471039852413546   1.3005393571731776   0.4877498890426420  
          0.8479106899672408  -0.0897161304780807  -0.3978090556768589  -0.6131623440072617   0.7172721491460810   1.7261224401806323   0.2292625506649687   0.9511249691810075   0.5065736603662236  
         -0.3037242457671718   1.3551896726741779  -1.0148191406354210   1.6136490714975691  -0.2614217400335124   0.2016326124093974  -0.7450973866050744   0.3643936298048567  -0.8279300928808671  
          2.5990976517717304   4.7703989726393070   0.7213929543380598   0.3677267149615001   1.8172778783809440  -4.0979614830397173   0.4903976737527971   1.2004965785300865   2.3858884864017065  
         -2.6772878777305018  -2.5747491957728150  -2.6967499180782784  -1.9203614405870177  -2.2038459198067413  27.5030048453191398  -1.2687288724879888  -1.1039513311889684  -2.3954551112672839  
         -0.8707446980597309  -1.3697085705796874   2.9344245211998148   3.4279874924773286   1.2545025133949252   6.5869092524109609  -1.1887667076433672   2.1574420692037561  -0.5041318511012760  
         -0.0353127833000528   0.8450271802595216  -2.6463841257299832  -4.3945243219818826  -0.1091733708906126   0.0025588664257478  -0.7796243623826705  -0.2290310564643533  -0.2027506431070214  
  1  2   -0.2815754631832663   3.4999759991800410   2.1287025197019185   1.6311133783603802   1.1165969588037974   1.3856191665166897   1.3451864339935129   1.5777309393883039   1.8129374423819717  
         -0.6386706509519650  -3.7015673979221266  -2.4274536229298334  -2.3115748269943137   0.5029387706511265  -0.4448096399173678  -0.7331379318459272  -0.3763480984272177  -1.8684857368354999  
         -0.4149070196010417  -7.8110882139514439  -0.8949790912387031   1.3996671365434548   3.2376586431826682   0.1493781170417276   0.0534792653955781   0.2420909343531086  -0.2286631878573840  
         -0.4184053296926216  12.2522692048158657   2.2392485707950978   2.2663481210213652  -8.5075036318756272  -4.1116388917242617  -2.6870719528980000  -4.4544851356835915   0.3209126110490952  
         -0.3038619954282757  -0.3667881022949073   1.6793945917079451   4.0156810292125931   0.1451308593342448   0.1599774862611993   0.2012987595924222   0.2147939478129088   0.9138012626333463  
         -0.4816015294496637  -1.1650134148481786  -0.3887691889744693  -1.9081318765977522  -0.9824853840106795  -0.0044670505262191  -0.0956463998408623   0.0036106776029576  -0.2704072816173578  
         -0.8345855148890496  -1.5082276671686705  -0.2555897580559102  -0.6201681621768655  -4.5170750853462183  -0.6678361723633601  -0.7241846004301106  -0.7197138645695969  -0.7726482190456934  
         -0.1378751168325837   2.1870819205957921   1.4134706745638248   1.6105306769985162   0.6166295222283620   1.1416801583792235   0.9832124715022997   1.2542331174792136   1.0421521174022024  
         -0.2418351819575274   0.1948034337970551  -0.4952465624704117   0.5358688296604829   0.4197884361749976   0.0471161089540320  -0.3306808093219188   0.0397516049765808  -0.6042027583705016  
  1  3   -0.4476899797948270  -1.5131838981163537  -0.8804340383265231  -0.6515477530829719  -0.8907832732861218  -0.5363567040737404  -0.3610191270934345  -0.9455196602927672  -0.8596610921885470  
          2.2030688312751914   2.0643494305926473   0.5610582204206712   2.2897957584890394   1.8945394921854306   2.4321807984681145   2.5225129933564454   1.4961589747934094   2.0732728298607301  
          0.8739446244828825  -2.2197362481288994  -0.6354204909299680   0.9992712553233813   0.5666789647862528   1.2009280450727118   0.8078917269693385   0.1548058199483225   0.8763042491200641  
         -0.3976934311729388  -0.8309051447201172  -0.9543728196488614  -0.2307642026418690  -0.4264176243857694  -0.1910764969337360  -0.2117227413607092  -0.6048473020603092  -0.2609269308135548  
          0.2082030986471795   1.2964761669458169   3.0507975359195512  -0.0793044730861647   0.1508682115272415  -0.1451720997674452   0.0080112873329145  -0.0273721293123805   0.3124566586994970  
          4.4028344576161338   3.3153887367300854   0.0318658537081281   3.7562103209906277   5.5512383598578703   1.9867551144754818   1.5606730319891857   5.4214358560474043   3.9370750971602280  
         -1.0312306315377628  -2.2354811604355245  -0.3364862430617391  -1.0454439420819890  -0.7913455075699541  -0.4224999901151391   0.0475177504389657   0.4049479153863152  -0.9474616057993102  
         -1.2207037818768833  -0.1537917532490090   0.6212598086019855  -1.1561066244080633  -0.8788474734539167  -0.9148592460414084  -0.4806369001116491  -0.0621667857126351  -0.9692522049484151  
          0.5025231285325468   1.1186179759027550  -0.2245327457624040   0.6019256476032137   0.6031171745412809   0.6824599638897951   0.7639978419273870   0.5623813783888725   0.4914778586851846  
  1  4    0.2882265142460116   0.2882265142460116   0.2882265142460116   0.2882265142460116   0.2882265142460116   0.2882265142460116   0.2882265142460116   0.2882265142460116   0.2882265142460116  
          0.2882265142460116   0.2882265142460116   0.2882265142460116   0.2882265142460116   0.2882265142460116   0.2882265142460116   0.2882265142460116   0.2882265142460116   0.2882265142460116  
          0.2882265142460116   0.2882265142460116   0.2882265142460116   0.2882265142460116   0.2882265142460116   0.2882265142460116   0.2882265142460116   0.2882265142460116   0.2882265142460116  
          0.2882265142460116   0.2882265142460116   0.2882265142460116   0.2882265142460116   0.2882265142460116   0.2882265142460116   0.2882265142460116   0.2882265142460116   0.2882265142460116  
          0.2882265142460116   0.2882265142460116   0.2882265142460116   0.2882265142460116   0.2882265142460116   0.2882265142460116   0.2882265142460116   0.2882265142460116   0.2882265142460116  
          0.2882265142460116   0.2882265142460116   0.2882265142460116   0.2882265142460116   0.2882265142460116   0.2882265142460116   0.2882265142460116   0.2882265142460116   0.2882265142460116  
          0.2882265142460116   0.2882265142460116   0.2882265142460116   0.2882265142460116   0.2882265142460116   0.2882265142460116   0.2882265142460116   0.2882265142460116   0.2882265142460116  
          0.2882265142460116   0.2882265142460116   0.2882265142460116   0.2882265142460116   0.2882265142460116   0.2882265142460116   0.2882265142460116   0.2882265142460116   0.2882265142460116  
          0.2882265142460116   0.2882265142460116   0.2882265142460116   0.2882265142460116   0.2882265142460116   0.2882265142460116   0.2882265142460116   0.2882265142460116   0.2882265142460116  
  2  2    0.2819486417184522   0.2819486417184522   0.2819486417184522   0.2819486417184522   0.2819486417184522   0.2819486417184522   0.2819486417184522   0.2819486417184522   0.2819486417184522  
          0.2819486417184522   0.2819486417184522   0.2819486417184522   0.2819486417184522   0.2819486417184522   0.2819486417184522   0.2819486417184522   0.2819486417184522   0.2819486417184522  
          0.2819486417184522   0.2819486417184522   0.2819486417184522   0.2819486417184522   0.2819486417184522   0.2819486417184522   0.2819486417184522   0.2819486417184522   0.2819486417184522  
          0.2819486417184522   0.2819486417184522   0.2819486417184522   0.2819486417184522   0.2819486417184522   0.2819486417184522   0.2819486417184522   0.2819486417184522   0.2819486417184522  
          0.2819486417184522   0.2819486417184522   0.2819486417184522   0.2819486417184522   0.2819486417184522   0.2819486417184522   0.2819486417184522   0.2819486417184522   0.2819486417184522  
          0.2819486417184522   0.2819486417184522   0.2819486417184522   0.2819486417184522   0.2819486417184522   0.2819486417184522   0.2819486417184522   0.2819486417184522   0.2819486417184522  
          0.2819486417184522   0.2819486417184522   0.2819486417184522   0.2819486417184522   0.2819486417184522   0.2819486417184522   0.2819486417184522   0.2819486417184522   0.2819486417184522  
          0.2819486417184522   0.2819486417184522   0.2819486417184522   0.2819486417184522   0.2819486417184522   0.2819486417184522   0.2819486417184522   0.2819486417184522   0.2819486417184522  
          0.2819486417184522   0.2819486417184522   0.2819486417184522   0.2819486417184522   0.2819486417184522   0.2819486417184522   0.2819486417184522   0.2819486417184522   0.2819486417184522  
  2  3    0.2929172739549906   0.2929172739549906   0.2929172739549906   0.2929172739549906   0.2929172739549906   0.2929172739549906   0.2929172739549906   0.2929172739549906   0.2929172739549906  
          0.2929172739549906   0.2929172739549906   0.2929172739549906   0.2929172739549906   0.2929172739549906   0.2929172739549906   0.2929172739549906   0.2929172739549906   0.2929172739549906  
          0.2929172739549906   0.2929172739549906   0.2929172739549906   0.2929172739549906   0.2929172739549906   0.2929172739549906   0.2929172739549906   0.2929172739549906   0.2929172739549906  
          0.2929172739549906   0.2929172739549906   0.2929172739549906   0.2929172739549906   0.2929172739549906   0.2929172739549906   0.2929172739549906   0.2929172739549906   0.2929172739549906  
          0.2929172739549906   0.2929172739549906   0.2929172739549906   0.2929172739549906   0.2929172739549906   0.2929172739549906   0.2929172739549906   0.2929172739549906   0.2929172739549906  
          0.2929172739549906   0.2929172739549906   0.2929172739549906   0.2929172739549906   0.2929172739549906   0.2929172739549906   0.2929172739549906   0.2929172739549906   0.2929172739549906  
          0.2929172739549906   0.2929172739549906   0.2929172739549906   0.2929172739549906   0.2929172739549906   0.2929172739549906   0.2929172739549906   0.2929172739549906   0.2929172739549906  
          0.2929172739549906   0.2929172739549906   0.2929172739549906   0.2929172739549906   0.2929172739549906   0.2929172739549906   0.2929172739549906   0.2929172739549906   0.2929172739549906  
          0.2929172739549906   0.2929172739549906   0.2929172739549906   0.2929172739549906   0.2929172739549906   0.2929172739549906   0.2929172739549906   0.2929172739549906   0.2929172739549906  
  2  4   -1.8067148515707521  -1.9717406955896952   1.0061150298271238   1.9211769085210719  -0.1460517237827634  -6.0389776498646102  -0.9164008185413354  -0.2021828760996305   0.9059663588931957  
          0.5701492987961428  -0.0537651946633412  -2.0971808804821883  -3.2324685103214486  -2.6421630998358885 -11.7880167421569677  -0.7145740158317363  -1.9412499093770821  -2.2064403497787852  
         -0.5206236124838295  -3.6205251515022572   0.9312262208577125   2.9353635822543960  -0.5397557055748164   3.6568259174569984  -0.3340410255185687   2.1514944472313307   1.1702733109004964  
          0.7570188260780206   2.5835759662029538  -0.4340243944932483  -2.3866295630849517  -1.2702139236891583  -6.8002272071381320  -0.0959207587418338   1.1885964496433548  -0.5638853074468546  
         -0.1341383857629389   5.0112338489697157   0.0387124447838964   1.5627386897579603  -0.7374694825144861   6.5651665689394720  -0.0891676355280341   0.3643034317180226  -4.5853954868502056  
          2.1130763754393906   6.6011905278568355  -0.3858191885245768  -1.8309692220129643  -0.0547116918169361 -10.8664736357243310  -0.0853734424125608   1.9108889902492683   0.9509239730972110  
          0.5586262421150864   1.4366725646580247   1.4309452830231109   2.3906324228136913  -0.0716092177543241  33.0909519762664956   0.3041436838351860   3.0378468316475415  -6.5685633728909476  
         -0.9512760632013334  -2.2136383368073647   2.4659961074412604   3.7138856980508064   1.4933655021533061   6.4224153165320566  -0.1672055152511231   2.3265177038685931   2.1744825662435527  
          0.5038056252661876   2.6154138778144871  -1.0629140429534136  -2.5506816566388797  -0.8191331392516059  -6.2139403279267080  -0.0437314644501938   0.5578844075013332  -0.3231842432151268  
  3  3    0.8419352115071200  -0.0100794455241557   1.0940956412676708  -3.4327331891020392   0.7945529906718866   0.8931573700923890   2.4134493578954630   1.3225805951518284   1.5632399136744211  
         -1.4636552460296461  -0.4976167246208867   3.8763275626021549  -4.1180716533707225   1.9964436142653255 -12.1158962021499335   0.6934158913022327   0.7036569986835334   1.8840403394128129  
          2.4829405438953533  -0.5808467855825964  -0.2135119349118837  -9.0486703454988771  -1.6717801088475897  10.6284416216230273   1.1463938414544417   0.6865899404948302   0.9947875755644190  
          1.6387215751447159  -3.0183698730386195   0.1241238901475042  -0.0719675502679893  -1.5249234008090367  11.7782283562340506   9.5179804934128622  -0.1960200847460440  -2.6970736033181444  
         -4.1914643436128056  -0.8550550731643435  -0.7786975537564009   1.8743711599653503   2.9986227421280209 -16.6952039409465307  -1.2972763911320184  -1.3669081036501143  -0.8914555465164146  
          1.1917648408226755   1.9241519919587136   1.3501558359414505   2.3022654472251340   0.5772473342387738  -0.7081727219391963   4.5611291188873100  -0.1578163296006941  -0.2903427971981192  
         -0.2586805959532559   3.9868753940119492   0.2047939165876216   0.2794868746403654  -5.1639795396751929  29.8293896061191397   1.2705706773168552   1.5697130206140186   0.6741792860407938  
          0.5489630189774258  -0.6555446250598725   2.1283447865576623  -1.0365414839831648   1.0689787711427141   0.1180691516020856   0.0355583662014390   0.5235646331100913   0.9086538803636134  
         -2.7360959625506482   0.6422911921715321   4.0555282800196215  -0.5674799166559704   5.3907473121545717 -27.0121729802829762  -0.5545493355928094   0.1105992526136318   0.7460964117479124  
  4  3    0.8825677080256411   0.5199379357420006   1.7796657286199196   0.0698794520247276   0.8113897345029151   1.3812145012579393   0.6326098530243242   0.3185044890073068   0.7668861337703247  
         -0.9404078649248914  -1.9762557586881497   1.9852090226236958  -2.1349728766254867  -0.7173481630318854   0.2992847677640611  -1.1425217304822408  -2.5201618666175158  -0.4795898288639041  
          0.9660377895128627   0.6203212791515684   1.9487708315684960   0.1699570097345994   0.8894683280623715   1.4196018592994781   0.7182051893733110   0.4374544803537087   0.8067451748884845  
         -0.7399863510046368   1.9607224274679309  -3.0525149074805817   3.1474768567553286  -0.2682139067927113  -1.6648554712226709   0.6483080985976881   1.7772920064659428  -0.5010907621450104  
          4.3116565696954927   3.4408298086045797  -3.5142535705517113  -9.3847983428260839   5.8078934315308084   3.8394563499162149   3.6055682863591483   4.9994034310007169   5.4902724222565258  
          0.8846692563908312   0.4886040229216661   1.2455655405651720  -0.2905917272494657   0.7841416889656824   1.8120068586273244   0.4155352595054957   0.1733614947012439   0.7264914934662985  
          0.5026609466477034  -0.1070176437344343   1.8877019039694729   0.9523907742190092   1.0658038650638726   1.1108548993691461   0.6196695861440985  -0.3593960645634059   0.7949630926361926  
          0.7351190600658325   1.9828535301209063   0.1359751976069521   3.6755603729588580   1.1710465744116070   0.0744630670837370   1.6496344698100687   1.9902572410868722   0.8945676069310349  
          0.6181420728100637   1.3868239289104733  -2.0022111606192401   2.0254923964846698   0.5603757937144969   1.6122574229095659   0.7271553339026047   0.7311798545086371   0.5688788494363206  
  4  4    4.2482037491658531   2.1722745167123194  -0.8906647885330251  -0.5895987403070077  -2.3802493642969726  -0.8293305899025591   1.4879933213107976  -3.0095284479066993  -3.0172205617516941  
         -1.4444363012330381 -23.9010534229941634  -1.7230662217526058  -2.0751553316346336   0.4677100163422158  11.1616909457200819  -1.7165895324372564   4.1911121452763993   7.6795489656326890  
          4.2467252477827087   2.1786755203799917  -0.8904360721967408  -0.5870960601908728  -2.3794766494795354  -0.8289245693203809   1.4880681158354143  -3.0076301876982856  -3.0117211312110639  
        -10.9080850723225495   6.3472238051462346   4.2931917266743707   2.2271667005046076   6.3542553570095439  -3.2184486821181304  -6.6887783117410713  13.5534972489907997   7.0670552073568320  
        -15.1673656172435898   4.5883017797807781   0.2911662517374439   1.6836815919626633  -1.5809527558610912   3.4115854322405195  -4.3001732331608524   5.9950673875024805   6.9422566192618884  
         -4.7449548700867519 -24.8157103585298593  -2.0245401521372730  -5.8256282053343407   6.1368993112420576 -11.1678723544615330  -1.6976608382464440 -15.4420489189488848  -4.7115554223937401  
          2.9169746535135634 -11.5188091208084380  -0.7147022677349334 -21.7663295538451607  -0.4044618540642465  -2.5031312137393935  -0.8221823489706895 -10.5796464063274751  -9.1870422814561365  
          2.9460014565752179   6.1864986352456528  -0.1657440714840058   1.2690203925295420  -2.2322708756647232  -6.8708954921898302   3.5414714489993129   4.7980347698668959  -6.9284889696224292  
          4.2425815911216382   2.1979596211776227  -0.8899310999288422  -0.5797841399486037  -2.3770243594675380  -0.8278305908913910   1.4884240458599942  -3.0021837504656470  -2.9964689199889896  
10  !enn_bh 9
  1  1   -1.7871223657106547  -1.7784104103548435  -1.2147675417123831  -1.9793388557250891  -2.3158420748782573  -7.0654305346536237  -1.8044375971229638  -2.1080019233687626  -2.3497446126536330  
  1  2   -2.4312937454456311  -1.3369596400423902  -2.5173836893587480  -3.5092536453899470  -1.1583039619228983  -1.3352408941816918  -1.8772748113328517  -1.4009500363247918  -2.6765451081126233  
  1  3   -2.7166495849081249  -3.2004921560312480  -2.9531652660893064  -2.4053123789152355  -2.9128414922923316  -2.0584752779710893  -1.8181486103356510  -2.9420491046507635  -2.6738760336101701  
  1  4    0.4984928330216828   0.4984928330216828   0.4984928330216828   0.4984928330216828   0.4984928330216828   0.4984928330216828   0.4984928330216828   0.4984928330216828   0.4984928330216828  
  2  2    0.4900303584192912   0.4900303584192912   0.4900303584192912   0.4900303584192912   0.4900303584192912   0.4900303584192912   0.4900303584192912   0.4900303584192912   0.4900303584192912  
  2  3    0.5047523139452421   0.5047523139452421   0.5047523139452421   0.5047523139452421   0.5047523139452421   0.5047523139452421   0.5047523139452421   0.5047523139452421   0.5047523139452421  
  2  4   -1.6589837274964698  -2.0480199157829571  -1.7311437614358063  -1.6934661949495899  -1.2321143825258418  -7.6765868676509497  -0.9739149471574317  -1.7148315094968700  -0.1536973574579664  
  3  3   -1.6115020557814190  -1.6617957341504008  -1.0362137506032485  -1.7958392685671072  -0.0988119694454990  -1.2456901585721434  -1.4824038424554626  -2.8372759350847501  -2.0971391403256141  
  4  3   -3.5613710821813624  -5.0060697732144863  -3.7612252024322070  -5.0057642294648819  -3.8274228228184546  -2.6442146161961944  -4.0930494626553875  -4.5697515249687699  -3.8503640078686221  
  4  4    4.9886446975274259   2.8921181000068779  -0.8111036144651694  -0.2950150315920863   2.1371025078109236  -0.5509707142023903   1.4750410563304788  -3.2516209798264413  -2.5762800197323412  
10  !enn_wo 1 9
  1  1   -1.3314008430805435  -3.2029387206076820  -2.6567248022281822  -2.0818298136374858  -1.5947733348278939 -21.2751186551498286  -0.8628204779471229  -1.7876111351976560  -1.4468733921916193  
  1  2   -0.6391970845035555 -11.3921135996339586  -3.2380806697355302  -6.7767133104857908  -2.1575890808265856  -0.6510187804125240  -1.3044111240316536  -1.2410899388720233  -2.5144738677401199  
  1  3   -3.1503224558901581  -6.9456841068587645  -0.9708690369477702  -3.0833543818297979  -3.9358848625591665  -2.3518285953524471  -1.8292296280845493  -4.1925235283896285  -3.0896096294901416  
  1  4   -2.0434819343454653  -2.0434819343454653  -2.0434819343454653  -2.0434819343454653  -2.0434819343454653  -2.0434819343454653  -2.0434819343454653  -2.0434819343454653  -2.0434819343454653  
  2  2   -1.9835810334785102  -1.9835810334785102  -1.9835810334785102  -1.9835810334785102  -1.9835810334785102  -1.9835810334785102  -1.9835810334785102  -1.9835810334785102  -1.9835810334785102  
  2  3   -2.0894380943896618  -2.0894380943896618  -2.0894380943896618  -2.0894380943896618  -2.0894380943896618  -2.0894380943896618  -2.0894380943896618  -2.0894380943896618  -2.0894380943896618  
  2  4   -1.0449548984817785  -6.9021667406301948  -1.2705837891624465  -2.9716913065749733  -1.9795138883869161 -23.0442818392412008  -0.4590614979075145  -2.5113345525769519  -3.5161550940950526  
  3  3   -1.5770590378348517   2.2801679382068563  -1.5397363091486314  -6.4806950896898119  -2.4472641527616981 -30.3496288689939959  -1.0681009960490824  -1.8310121465772751  -1.7065894162964457  
  4  3   -1.0072719750761476  -7.7112993079000596  -2.1113228059529408  -4.3146770596717436  -1.7706019109202003  -1.1397268918888757  -2.1541870248408967 -13.3608717711968819  -1.6387346808062160  
  4  4  -12.4851782140425431 -21.1083400872038425   3.1661757179126084 -11.9367145852593293  15.9734919657467067 -11.2910218096661126  -1.7408401772664817  -8.7618193312257198 -10.2656746095269735  
10  !enn_bo 1
  1  1    4.3232294177785882  
  1  2    2.7536326143531267  
  1  3    3.3962173830401787  
  1  4   -2.3204932184353240  
  2  2   -2.2657704099560392  
  2  3   -2.3625921168216810  
  2  4    5.2460390577103251  
  3  3    5.1764327334876956  
  4  3    5.1767222883807582  
  4  4    8.5709843799264540  
